Dog: Quality
1100001000000010100000111001000101111010000111010001010000110010011100010000000001010011100011000000101001000001001001100101011010000100001001000100001011111110100011001000011001001000100110100101110101000001101011010010110100101101000100110001010000011000011001010011110011000110100101001001011011111001100100011100000010010001111000110101111001100010011000101001000100011000100101011001110110110100111111000000000110000000111111000100000110111000010000100000100010110011101001001111001010110011100110011001011100000100010011000110001001100101001100110010000011001111001110001100110010010001010111011000101010101000000000010
|00000|000111|11100|11010|00110|11000|01001|01001|00000|00000|00000|11010|00011|00000|00001101100|01011|00001|10011|10001|001101|10100|10100|10011|00111|01000|01101|00010|000111011110010|00010001101000

aaaaAAAAaAaaaaaaAAaaaaaaaaAAaaaaAAAAaaaaaaaaAAaaaaAAAAaaAAaaaaAAAAaaaaaaaaaaAAaaAAAAAaAAAAaaAAAAAAAAAAAAAAAAAAaaAAAAaaAAaaaaAA



1100001000


ADULT

0

0


548.2168


EoLMod High/Low
900
-300



0.8333 age ratio

GOOF
FOOD_AVERSE
STANDARD
STANDARD
STANDARD
LIKES_PETTING
STANDARD

Quality Sadness

=========
Dog: Lunge
1100001001010001100000111000000001101110000101010011110010110100001110010101000000010110010010000000101011000001001001101101010010000110001001001100011001000110100111010000010011001000001110100100111101000001101001010000110100101111010100111000011000011000001101010011110111000100100101000001101101000101100001010110010010010111010100110100110001000010011000101001000100011000110010111000010110110100111101010010000010100100110111000100000100111010110001100001100010110001100011001111001010100011100110011001011100000100010011000111001001100100001100110010001011001111001110001100110010010001010111011000101010101100001000010
|00000|000111|11100|110011|00110|11000|01001|01001|00011|00000|00000|11011|00000|00000|10001101000|01111|00001|10010|10110|001001|10100|10100|10011|00111|01000|01101|00010|010111011111111|01010001000000

|00000
|000111
|11100
|110011
|00110
|11000
|01001
|01001
|00011
|00000
|00000
|11011
|00000
|00000
|10001101000
|01111
|00001
|10010
|10110
|001001
|10100
|10100
|10011
|00111
|01000
|01101
|00010
|010111011111111
|01010001000000
aaaaAAAAAAaaaaaaAAaaaaaaaaAAaaaaAAAAaaaaaAaaAAaaaaAAAAaaAAAaaaAAAAaaaaaAaaaAAAaaAAAAaaAAAAaaAAAAAAAAAAAAAAAAAAaaAAAAaAAAAAaaAa

1100001001

ADULT

0

559.3217

0

STANDARD
FOOD_OBSESSED
LOUD
POLITE
STANDARD
DISLIKES_PETTING
STANDARD

